998 3966
0 4 -99
0 267 64
0 580 58
3 182 35
3 782 20
3 922 64
4 486 27
4 648 97
5 42 40
5 136 96
5 546 98
5 605 89
6 600 48
6 887 17
7 852 52
7 995 97
8 608 69
8 922 3
9 392 3
9 443 21
9 681 12
10 521 66
10 885 78
11 10 35
11 799 69
12 92 18
12 143 100
12 222 79
12 446 37
12 627 95
13 127 89
13 153 35
13 175 32
13 424 11
13 747 70
14 239 52
14 333 75
14 608 96
14 938 48
15 241 15
15 525 92
15 801 46
15 844 3
15 890 39
16 620 62
16 649 54
16 716 35
16 800 31
16 850 57
17 16 38
17 101 51
17 342 68
17 434 4
18 98 29
18 245 2
18 403 73
18 593 46
19 52 2
19 267 51
19 412 83
19 433 96
19 634 39
20 115 17
20 382 27
20 968 50
21 72 86
21 129 78
21 163 24
21 869 81
22 423 26
23 166 38
23 649 73
24 54 72
24 99 40
24 127 11
24 475 33
24 589 94
25 299 46
25 396 63
25 454 50
25 458 84
25 481 14
25 813 17
26 366 87
26 553 42
26 727 19
27 57 59
27 107 88
27 481 20
28 39 10
28 134 70
28 594 15
29 146 49
29 510 87
29 528 42
29 805 98
29 837 72
29 917 20
30 111 21
30 114 53
30 391 45
31 112 58
31 476 25
31 562 16
31 739 98
31 960 36
31 978 49
32 131 91
32 547 81
33 430 12
34 36 41
34 156 64
34 316 25
34 522 58
34 588 51
34 594 67
34 730 76
34 746 10
34 821 54
34 824 96
34 888 19
34 925 24
34 952 11
35 461 68
35 538 10
35 973 52
36 752 65
36 774 81
36 776 71
36 792 85
37 134 34
37 223 16
37 513 43
37 875 59
37 916 32
38 418 40
38 694 94
38 834 81
39 128 31
39 499 75
39 510 92
39 924 72
39 961 39
40 797 17
41 16 29
41 59 89
41 97 83
41 118 5
42 22 98
42 72 37
42 829 100
43 47 17
43 208 60
43 262 11
43 361 84
43 371 69
44 80 62
44 711 49
45 282 50
45 812 33
46 545 33
46 820 83
47 119 49
47 799 76
48 338 42
48 422 80
48 448 16
49 19 36
49 582 60
49 924 46
49 989 10
50 52 52
50 156 17
50 172 49
50 876 68
50 991 46
51 520 37
51 754 51
51 755 50
52 139 35
52 662 87
53 38 50
53 373 52
53 684 46
53 984 61
54 33 36
55 21 14
55 73 22
55 148 84
55 245 64
55 870 55
55 924 16
56 548 46
56 786 3
56 895 92
56 941 88
57 12 83
57 73 7
57 76 23
57 156 43
57 204 52
57 559 32
58 29 95
58 199 69
58 722 80
58 886 63
58 913 15
59 522 17
60 811 13
61 27 64
61 46 52
61 214 100
61 485 14
61 580 4
62 354 45
62 566 74
62 684 39
63 19 59
63 492 96
63 680 22
64 177 22
64 193 51
64 385 38
64 412 68
64 683 54
64 736 29
64 786 55
64 888 37
65 246 35
65 288 77
65 378 80
65 896 87
66 336 9
66 611 74
66 839 56
66 975 89
67 330 36
67 761 70
68 203 6
68 441 48
68 443 34
68 741 58
68 948 48
69 97 48
69 622 61
69 815 92
69 896 22
70 317 99
70 476 51
70 673 17
70 961 20
71 98 72
71 357 68
71 362 57
71 518 40
72 460 22
72 513 86
72 769 94
73 109 58
73 512 20
73 632 71
73 712 37
73 949 7
74 43 80
74 284 10
75 985 62
76 131 68
76 285 46
76 946 31
76 953 74
77 113 94
77 318 64
77 411 31
77 417 41
78 256 12
78 930 91
79 13 33
79 98 33
79 467 90
80 200 83
80 314 49
80 376 9
80 383 55
80 446 17
81 141 66
81 235 94
81 339 38
81 526 52
81 556 88
81 853 95
82 29 71
82 453 59
83 132 32
83 158 78
83 243 38
83 680 42
83 758 39
83 779 5
83 994 87
84 859 70
84 987 79
85 168 81
85 179 34
85 291 9
85 351 21
85 424 45
85 460 100
85 478 53
85 970 77
86 5 89
86 141 35
86 174 26
86 246 98
86 936 90
87 272 42
87 358 64
87 380 83
87 743 80
88 129 15
88 317 71
88 333 75
88 381 86
88 686 29
88 692 6
88 749 63
88 777 66
89 745 48
89 913 1
90 138 71
90 162 35
90 251 71
90 759 49
90 890 15
90 940 4
91 55 57
91 462 35
91 825 49
91 960 56
92 43 88
92 92 25
92 133 45
92 254 23
92 616 51
92 692 42
93 47 12
93 424 92
93 505 5
93 661 94
93 808 72
93 997 19
94 698 64
94 814 46
94 817 4
94 833 93
95 236 52
95 347 66
95 786 58
95 941 99
96 83 28
96 194 33
96 550 38
96 634 77
96 891 48
97 11 42
97 220 34
97 250 82
97 688 90
97 779 90
97 834 69
98 223 14
98 263 34
98 359 91
98 381 64
98 476 75
98 620 2
99 258 56
99 415 80
99 578 96
100 12 28
100 156 98
100 317 60
100 532 73
100 583 2
100 589 52
100 673 25
100 831 68
100 888 10
100 947 23
100 975 34
101 386 37
101 735 56
101 803 72
102 61 14
102 125 3
102 832 13
102 895 47
104 940 85
105 255 2
105 318 36
105 408 54
105 776 16
106 132 69
106 471 44
106 646 80
106 654 44
107 247 46
107 455 36
107 846 23
107 890 42
108 0 63
108 122 21
108 414 2
108 424 35
108 673 22
108 696 53
108 743 59
108 789 89
108 868 62
109 681 82
110 339 23
110 360 99
110 460 38
110 545 94
110 688 12
110 782 41
110 829 7
111 323 59
111 488 26
111 656 8
111 860 94
111 927 79
112 154 24
112 273 63
112 677 23
113 124 3
113 338 6
113 623 69
113 879 38
114 373 29
114 721 10
115 290 1
115 924 49
116 50 12
116 92 35
116 160 71
116 590 64
116 759 94
117 267 60
117 478 26
117 846 76
117 940 82
118 145 25
118 588 14
118 965 76
119 178 37
119 184 55
119 409 83
119 687 95
119 886 80
120 243 90
120 406 89
120 534 59
120 684 14
121 407 51
121 482 81
122 208 17
123 791 57
123 845 50
124 157 55
124 476 85
124 792 60
125 166 55
125 226 34
125 450 71
125 460 90
125 556 4
125 728 35
126 100 84
126 172 63
126 352 61
126 367 60
128 44 45
128 107 85
128 178 73
128 229 21
128 528 22
128 969 28
128 975 3
129 17 16
129 28 8
129 193 93
129 432 4
129 704 66
129 788 6
130 865 55
130 964 47
131 17 22
131 576 11
131 786 96
131 927 76
132 35 96
132 253 56
132 382 30
132 532 29
132 827 26
132 862 19
132 891 33
133 132 60
133 515 2
134 31 95
134 448 21
134 606 62
134 983 40
135 658 5
135 716 34
135 896 60
136 557 26
136 803 62
137 88 62
137 95 42
137 284 69
137 359 54
137 416 46
137 557 35
137 749 60
137 808 100
137 815 81
137 977 81
138 41 77
138 142 57
138 244 6
138 953 32
139 566 86
139 977 35
140 41 58
140 428 5
140 454 67
140 605 18
140 665 7
141 293 62
141 328 38
141 505 68
141 578 1
141 750 42
141 851 2
142 118 60
142 193 68
142 272 63
142 282 22
142 358 10
142 412 32
142 520 76
142 585 55
142 815 66
143 163 55
143 212 47
143 495 15
143 563 65
143 636 24
143 720 71
144 396 71
144 498 56
144 819 57
144 930 5
144 975 13
145 856 62
145 968 71
146 315 30
146 789 68
146 848 32
146 880 68
147 80 36
147 521 33
147 567 10
147 612 38
147 726 93
147 758 77
147 924 100
148 557 14
148 558 87
148 622 32
148 628 89
148 805 41
149 98 98
149 546 24
149 722 96
149 783 44
150 71 39
150 197 60
150 622 68
150 702 9
151 20 31
151 31 23
151 93 66
151 201 35
151 235 36
151 480 27
151 680 6
151 731 66
152 381 95
152 806 38
153 89 31
154 291 70
154 400 42
154 827 68
155 399 18
155 449 68
155 488 76
155 772 5
155 970 99
156 17 65
156 49 46
156 308 96
156 463 88
156 502 41
156 930 40
157 163 26
157 253 1
157 334 7
157 400 35
157 536 31
157 892 30
158 302 1
158 801 65
159 118 65
159 271 28
159 466 70
159 512 30
159 688 22
159 845 7
159 969 62
160 155 53
160 250 77
160 481 3
160 718 20
161 118 39
161 272 21
162 253 88
162 390 14
162 428 26
162 829 87
163 3 78
163 273 71
163 744 83
163 986 66
164 10 11
164 129 22
164 134 91
164 234 11
164 717 29
164 858 26
165 418 42
165 568 58
165 677 26
165 782 7
165 867 23
166 201 53
166 383 76
166 671 53
166 814 75
167 402 83
167 460 15
168 35 27
168 731 60
168 905 18
168 916 47
169 478 98
169 521 39
169 944 34
170 535 11
170 828 64
171 971 21
172 25 89
172 155 34
172 349 3
172 384 54
172 408 45
172 446 24
172 551 45
172 786 56
172 843 53
172 936 70
172 956 97
173 169 11
173 186 95
173 287 3
173 789 33
173 925 47
174 43 79
174 698 86
174 713 21
174 840 62
174 954 100
175 166 48
175 239 21
175 598 17
175 617 94
175 638 18
175 695 55
175 949 28
176 292 29
176 381 19
177 47 48
177 59 17
177 220 52
177 241 51
177 358 71
177 359 96
177 402 75
177 523 15
177 845 52
178 46 27
178 945 84
178 947 48
179 358 37
179 683 79
179 861 51
179 957 70
180 151 25
180 340 30
180 503 55
180 988 46
181 274 91
181 529 55
182 97 93
182 218 12
182 457 72
182 749 87
183 155 30
183 229 26
183 281 15
183 372 58
183 553 44
183 665 63
184 141 75
184 284 96
184 552 13
184 688 46
185 188 92
185 636 87
185 728 60
185 866 43
185 909 14
186 275 44
186 617 91
187 256 50
187 286 22
187 355 42
187 435 20
188 558 47
188 734 71
188 956 75
189 431 93
189 482 62
189 579 30
189 821 85
190 50 73
190 82 1
190 301 72
190 580 2
190 785 26
190 920 86
191 662 60
192 804 70
192 857 49
192 907 35
193 160 66
193 454 61
194 135 80
194 268 57
194 394 48
194 429 40
194 482 100
194 602 61
194 776 83
195 264 90
195 319 11
196 485 5
196 574 32
197 10 30
197 93 52
197 439 2
197 611 5
197 746 44
198 254 64
198 286 34
198 676 28
198 684 36
198 882 34
199 400 100
199 660 38
199 745 60
200 868 86
201 770 98
202 112 29
202 165 34
202 714 32
202 902 95
203 275 94
203 836 11
203 853 51
204 50 41
204 100 50
204 408 50
204 521 2
205 23 33
205 367 40
205 422 12
205 964 37
206 8 71
206 110 41
206 317 89
206 617 73
206 769 46
206 993 32
207 368 37
208 33 79
208 109 60
208 521 73
208 736 13
209 472 59
209 502 10
209 605 72
210 593 44
210 677 8
210 732 1
211 36 77
211 333 39
211 384 95
211 836 71
212 251 50
212 275 45
213 277 99
213 343 95
213 427 13
213 758 32
213 898 35
213 982 24
214 204 68
214 991 6
215 96 65
215 296 57
215 727 79
216 135 11
216 214 88
216 270 15
216 377 89
216 491 47
216 988 87
217 173 1
217 295 6
217 449 97
217 666 73
217 838 49
218 157 4
218 348 73
218 476 26
218 501 43
218 503 67
218 918 97
219 122 92
219 646 12
219 647 8
219 706 91
219 830 7
219 871 21
219 894 22
219 973 41
220 105 45
220 302 90
220 320 46
220 334 9
220 402 46
220 505 24
221 111 19
221 218 33
221 346 39
221 560 8
221 751 80
222 650 26
222 944 9
223 249 85
223 497 22
223 540 81
224 14 34
224 78 26
224 366 54
224 618 60
224 731 68
225 310 21
225 814 56
225 966 60
226 387 32
226 494 64
226 925 50
227 633 39
227 892 84
228 61 71
228 121 79
228 275 28
228 577 60
228 640 25
228 664 37
228 922 6
229 378 49
229 384 56
229 901 38
229 989 87
230 203 63
230 500 17
230 523 12
231 153 72
231 332 1
231 365 34
232 48 52
232 72 35
232 201 60
232 445 6
232 480 94
232 732 27
232 828 26
232 925 49
232 978 87
233 202 58
233 246 12
233 353 36
233 895 96
234 416 96
234 612 7
234 726 74
234 943 23
235 69 67
235 152 99
235 652 59
235 660 72
235 664 47
235 703 14
235 968 10
236 218 34
236 563 77
237 157 26
237 449 46
237 551 48
237 617 27
237 880 79
237 969 100
237 997 62
238 162 38
238 389 5
239 76 55
239 261 65
240 66 30
240 674 4
241 7 52
241 569 87
241 892 16
242 23 88
242 435 82
242 453 11
242 552 95
243 135 56
243 203 33
243 325 61
243 449 54
243 658 92
243 802 33
243 847 1
243 911 5
244 213 42
244 222 34
244 284 81
244 790 68
245 193 80
245 338 28
245 508 95
245 520 59
245 575 28
246 192 56
246 323 96
246 359 32
246 405 11
246 542 61
247 551 62
247 641 14
247 727 13
247 850 48
248 450 30
248 709 100
249 255 30
249 993 40
250 46 94
250 141 86
250 265 73
250 969 55
250 997 39
251 90 64
251 95 87
251 289 40
251 588 68
251 737 29
251 753 73
252 161 49
252 696 97
252 702 52
253 81 77
254 725 91
255 280 11
255 416 4
255 600 47
255 768 6
256 73 35
256 475 57
256 777 67
257 163 97
257 333 71
257 487 79
257 616 44
257 682 100
257 973 79
258 143 74
258 160 40
258 170 72
258 228 59
258 785 12
258 842 26
259 492 98
259 544 75
259 648 13
259 876 37
260 171 43
260 191 41
260 425 10
260 942 92
260 966 37
261 603 62
261 957 68
262 293 28
263 98 72
263 284 71
263 316 74
263 632 78
264 438 6
264 724 31
265 24 44
265 402 2
265 538 1
266 34 23
266 320 46
266 433 1
266 861 2
267 89 20
267 161 40
267 190 73
267 390 78
267 734 52
267 778 99
268 320 75
269 316 27
269 366 11
269 436 12
269 744 70
269 949 51
269 961 21
270 60 61
270 171 87
270 220 82
270 790 28
271 34 14
271 283 53
271 784 99
273 238 88
274 167 30
274 523 4
274 546 18
274 766 74
275 43 6
275 175 19
275 232 97
275 791 51
275 973 19
276 33 98
276 406 70
276 552 59
276 663 71
276 809 48
277 121 11
277 144 69
278 27 23
278 65 37
278 364 79
279 312 34
279 545 6
279 686 29
279 793 54
279 886 66
279 996 16
280 333 36
280 835 94
280 982 30
281 74 88
281 94 92
281 436 18
281 844 18
281 897 96
281 913 35
282 49 92
282 351 1
282 419 54
282 455 89
282 596 52
283 75 73
283 737 86
284 312 22
284 806 31
284 967 57
285 23 70
285 394 42
285 558 25
285 604 92
285 713 78
285 845 3
285 943 25
286 104 84
286 196 32
286 837 79
286 965 50
287 349 48
287 520 14
287 807 43
287 863 78
288 452 2
289 293 35
289 444 95
289 457 20
290 546 31
290 694 30
290 872 12
291 223 31
291 490 83
291 498 100
291 627 83
291 693 55
291 707 86
291 770 5
292 24 86
292 113 42
292 183 74
292 255 27
292 418 66
292 424 65
293 123 5
293 231 69
293 573 90
293 613 88
293 769 1
294 614 69
294 743 38
295 188 48
295 200 83
295 478 80
295 679 26
296 118 84
296 201 15
296 354 20
296 658 4
296 903 45
297 113 49
297 251 15
298 597 76
298 614 31
298 950 14
299 101 59
299 202 86
299 714 99
300 55 63
300 66 71
300 125 41
300 656 37
301 243 97
301 277 7
301 282 1
301 585 2
301 727 75
301 821 91
302 5 89
302 277 76
302 478 59
302 669 26
303 164 23
303 222 42
303 642 6
303 887 48
303 991 25
304 155 21
304 260 68
304 583 29
304 644 65
304 667 16
304 736 43
305 348 41
305 707 47
305 756 57
305 826 99
305 842 32
306 30 56
306 143 62
306 497 3
306 750 96
306 843 98
307 220 100
307 432 2
307 440 99
307 493 1
307 807 77
307 994 89
308 139 89
308 301 52
308 483 48
308 486 15
308 652 75
308 779 89
308 982 21
309 66 23
309 409 14
309 784 41
309 841 90
310 910 43
311 52 5
311 104 6
311 410 85
311 607 46
311 608 53
311 624 42
311 942 44
312 382 85
312 394 98
312 993 5
313 296 87
313 572 93
314 433 2
314 837 86
315 507 95
315 527 100
315 792 86
315 881 72
315 891 89
315 930 75
316 254 24
316 520 37
316 585 89
316 757 98
316 971 25
317 58 10
317 80 21
317 119 39
317 242 50
317 266 11
317 835 81
318 50 55
318 823 17
318 931 66
319 189 100
319 497 69
319 643 8
320 570 43
320 626 53
320 655 5
320 666 48
321 21 40
321 380 98
321 564 50
321 701 25
321 846 93
322 188 49
322 978 11
323 701 64
323 930 38
324 333 85
324 742 87
324 868 74
324 949 74
325 18 99
325 119 83
325 531 5
325 613 38
325 789 33
326 463 15
326 854 18
326 984 87
326 998 31
327 48 83
327 230 86
327 897 100
328 64 90
328 140 29
328 188 53
328 428 95
328 585 76
328 644 92
328 860 92
329 100 25
329 476 17
329 483 84
330 90 74
330 191 27
330 401 47
330 890 12
331 10 12
331 104 34
331 961 86
332 239 86
332 290 18
332 430 84
332 535 69
332 678 23
332 687 21
332 733 1
332 819 37
333 159 39
333 171 87
333 494 68
333 634 22
333 849 73
333 883 68
334 89 12
334 234 1
334 391 20
334 401 6
334 767 77
335 19 12
335 252 97
335 367 1
335 806 28
335 846 81
335 991 75
336 385 55
336 890 28
337 170 86
337 441 67
337 658 61
337 772 71
337 846 52
338 78 79
338 776 55
338 901 21
339 506 1
339 536 76
339 679 21
339 782 38
339 964 14
340 49 8
340 115 6
340 691 35
340 783 80
340 845 73
341 49 47
341 288 81
341 554 93
341 561 52
341 678 57
342 49 4
342 322 49
342 358 58
342 752 32
342 797 30
343 597 32
343 813 86
344 297 57
344 658 18
344 803 53
345 777 18
346 183 88
346 531 5
347 304 96
347 427 43
347 704 25
347 711 97
348 510 18
348 541 46
348 918 34
349 685 31
350 445 53
350 553 40
350 659 66
350 845 33
350 898 12
350 961 12
351 47 14
351 842 4
351 984 64
352 568 70
352 791 8
353 583 13
353 864 27
354 49 39
354 52 42
354 249 59
354 557 25
354 839 99
354 948 76
354 980 77
355 232 16
355 252 64
355 479 82
355 567 12
355 878 6
355 996 6
356 742 8
356 877 23
357 352 52
357 547 41
357 929 54
358 525 5
358 551 80
358 645 20
359 264 37
359 738 92
359 922 31
360 15 51
360 86 96
360 138 95
360 306 20
360 341 3
360 552 8
361 379 47
361 570 42
361 717 49
361 822 6
362 287 67
362 924 47
363 512 81
363 519 44
363 765 63
363 807 44
364 87 25
364 633 74
364 721 50
365 212 31
365 494 81
365 935 72
366 614 82
366 663 22
367 28 26
367 260 86
367 399 2
367 507 45
367 859 22
369 256 93
369 924 76
371 443 73
371 804 89
371 846 70
372 198 93
372 932 92
373 460 77
373 476 39
373 557 34
373 697 26
374 149 44
374 494 100
374 759 73
374 821 25
375 15 43
375 125 35
375 553 69
375 629 68
375 822 8
376 33 18
376 521 98
376 633 88
376 689 90
377 419 79
377 650 9
378 937 16
379 5 64
379 28 11
379 381 60
379 404 86
379 739 3
379 936 35
380 96 58
380 107 92
380 677 5
380 692 50
381 583 83
381 671 82
381 807 89
382 351 16
382 648 7
382 773 33
382 915 16
383 505 79
383 589 57
383 719 58
384 230 14
384 563 26
384 997 25
385 31 21
385 139 44
385 356 22
385 955 9
386 524 34
386 531 100
386 567 18
386 595 49
386 934 64
386 955 28
387 392 8
387 656 49
388 298 31
389 622 43
389 865 6
390 68 22
390 426 47
390 707 56
390 732 5
391 296 29
391 532 44
391 655 20
392 71 35
392 132 76
392 480 35
392 495 14
392 713 33
393 271 93
393 397 27
393 437 58
393 456 18
393 657 48
393 705 2
393 892 39
394 154 56
394 360 35
394 566 39
394 848 73
394 870 83
395 42 2
395 113 100
395 523 91
395 707 51
395 942 30
396 352 33
396 770 56
397 8 52
397 226 79
397 365 12
397 668 56
397 813 8
398 210 55
398 532 76
398 913 42
399 306 31
399 437 11
399 734 56
399 825 63
399 890 3
400 62 83
400 488 21
400 517 21
400 839 31
401 266 22
401 623 60
401 647 86
402 111 56
402 252 98
402 370 59
402 698 39
403 418 100
403 499 59
403 588 29
403 784 51
403 822 88
404 76 61
404 80 7
404 114 40
404 192 40
404 325 18
404 366 96
404 581 47
404 944 72
405 604 71
405 743 89
406 237 2
406 249 82
406 392 45
406 401 65
407 130 84
407 458 28
407 528 86
408 237 5
408 686 58
409 4 7
409 103 64
409 288 43
410 38 63
410 585 62
410 662 2
411 496 2
411 610 61
411 649 60
411 877 30
412 33 11
412 165 48
412 694 90
413 281 18
413 309 87
413 833 30
414 113 35
414 524 82
414 679 77
414 875 7
414 924 53
415 152 65
415 167 9
415 353 34
415 584 10
416 437 73
416 728 18
416 861 37
417 196 58
417 940 22
418 452 94
418 911 65
419 174 85
419 242 37
420 259 28
420 300 46
420 626 38
420 865 29
421 105 7
422 44 58
422 418 18
422 858 44
422 985 48
423 61 35
423 379 31
423 504 77
423 511 70
424 551 13
424 620 54
424 739 76
424 850 65
424 970 18
425 46 84
425 102 99
425 593 28
426 453 56
426 642 17
426 723 64
426 933 14
426 983 38
427 83 58
427 322 78
427 903 23
428 30 94
428 121 5
428 418 69
428 536 32
429 280 33
429 338 76
429 689 29
429 911 91
430 135 93
430 439 73
430 506 38
431 114 28
431 155 3
431 320 15
431 386 97
431 592 16
431 847 68
431 860 72
432 6 81
432 20 86
432 481 55
432 906 79
433 541 11
434 140 95
434 499 77
434 609 24
434 643 33
434 825 34
434 966 2
435 265 55
435 292 28
436 29 7
436 353 23
436 879 59
436 930 40
437 117 99
437 305 87
437 849 30
437 852 91
437 859 60
438 445 68
438 716 19
438 781 62
438 884 83
438 922 15
438 952 77
439 710 51
439 875 87
439 879 58
440 385 37
440 608 42
440 765 36
441 436 50
441 477 52
441 685 31
442 268 27
442 270 76
442 363 63
442 377 61
442 439 78
442 609 18
442 723 88
443 108 84
443 160 41
443 654 47
444 265 24
444 371 39
444 646 34
444 651 54
444 658 30
444 673 93
445 326 22
445 357 48
445 704 55
445 716 4
446 0 63
446 225 32
446 343 55
447 47 49
447 324 89
447 457 91
448 716 91
448 814 24
448 898 41
449 487 43
450 101 55
450 155 67
450 908 18
451 47 17
451 52 27
451 159 96
451 374 35
451 859 15
452 81 80
452 106 75
452 329 61
452 768 3
453 240 13
453 671 95
453 926 56
454 231 43
454 488 87
454 511 77
454 531 90
454 702 42
454 865 81
454 968 52
455 247 73
455 363 35
455 433 1
455 743 61
456 62 26
456 378 92
456 393 85
456 499 66
456 639 34
456 779 39
456 854 32
457 334 52
457 346 56
457 638 59
457 958 47
457 993 91
458 42 73
458 357 26
458 374 65
458 413 34
458 429 29
458 641 78
458 873 28
459 285 85
459 413 20
459 456 15
459 470 62
459 542 10
459 838 56
460 47 42
460 300 62
460 303 29
460 532 77
460 555 63
460 626 89
460 647 2
460 818 54
460 881 74
461 131 68
461 607 88
461 942 13
462 415 99
462 443 39
462 847 68
463 226 58
463 473 86
463 826 59
464 463 31
464 544 12
464 781 23
464 827 64
465 195 40
465 300 1
465 821 92
466 77 25
466 107 21
466 229 7
466 677 86
467 167 30
467 402 63
467 436 28
468 220 92
468 255 91
468 485 5
468 647 54
468 937 80
469 165 6
469 210 8
469 286 53
469 772 73
469 783 95
469 885 65
470 6 72
470 591 34
471 287 33
471 463 30
472 33 19
472 72 91
472 664 60
472 913 30
472 954 14
473 297 24
474 271 70
474 383 14
474 702 15
474 756 94
474 862 35
474 916 22
474 996 80
475 107 65
475 168 84
475 319 8
475 394 56
475 645 75
475 812 12
476 20 10
476 218 54
476 359 18
476 627 17
476 994 6
477 236 91
477 486 12
478 269 71
478 307 63
478 389 45
478 406 3
478 902 92
479 108 64
479 257 94
479 578 51
479 687 94
479 938 8
480 224 74
480 303 64
481 20 21
481 214 89
481 657 57
481 724 56
481 949 11
482 121 37
484 179 20
484 191 94
484 215 44
484 265 76
484 304 69
484 601 56
484 832 85
484 843 22
485 311 73
485 383 2
485 754 28
486 76 63
486 81 14
486 156 98
486 174 25
486 441 59
486 512 1
486 794 17
486 911 22
487 465 95
487 855 68
487 904 16
487 992 2
488 27 42
488 275 79
488 562 23
488 715 31
488 792 36
488 894 78
489 19 41
489 430 72
489 741 98
490 199 35
490 440 16
490 566 73
490 944 3
491 329 71
491 648 58
492 338 24
492 537 44
492 911 60
492 971 51
493 24 7
493 48 74
493 307 49
493 551 32
494 61 32
494 281 49
494 290 48
494 332 54
494 757 43
494 759 15
494 817 69
495 333 45
495 974 56
496 437 47
496 466 67
496 764 87
497 120 82
497 575 44
497 870 27
498 239 54
498 593 42
498 713 61
498 743 69
498 772 14
499 96 63
499 466 40
499 676 72
499 974 87
500 273 83
500 693 32
500 770 38
501 410 89
501 456 5
501 577 86
502 79 20
502 453 36
502 796 35
503 113 68
503 117 89
503 537 78
503 557 83
503 564 57
503 580 22
503 925 39
504 409 4
505 144 88
505 563 25
506 230 85
506 626 32
506 799 51
507 3 39
507 38 73
507 634 12
507 905 7
508 225 87
508 293 75
509 47 47
509 289 59
509 970 61
510 69 30
510 173 90
510 769 98
510 777 19
511 666 94
511 710 84
511 816 39
511 838 29
512 974 19
513 425 6
514 248 18
514 321 96
514 569 88
514 580 75
514 652 18
514 779 26
514 805 78
515 85 6
515 199 50
515 211 63
515 623 38
515 853 1
516 206 1
516 279 10
516 377 12
516 564 8
517 346 97
517 399 86
517 490 54
518 191 55
518 425 47
518 739 84
519 67 44
519 77 45
519 199 2
519 292 37
519 329 28
519 431 40
519 600 66
519 726 47
519 894 45
520 283 83
520 553 42
520 764 33
521 22 58
521 342 60
521 652 59
521 787 35
521 789 65
522 245 8
522 452 98
522 820 2
522 930 8
523 154 99
523 239 12
523 309 20
523 352 6
523 383 8
523 445 5
523 448 60
524 85 62
524 268 52
525 121 43
525 266 6
525 394 96
525 414 45
525 581 42
525 768 24
525 809 84
525 819 8
525 847 70
525 989 29
526 176 91
526 304 12
526 492 62
526 500 48
527 68 71
527 357 20
527 926 83
528 169 36
528 522 27
529 358 80
529 756 37
529 872 35
530 38 79
530 197 49
530 266 55
530 767 84
530 775 57
530 790 60
530 820 44
531 86 19
531 153 11
531 816 87
531 842 24
531 992 6
532 630 31
533 43 66
533 88 30
533 147 15
533 579 73
533 795 99
533 991 44
534 342 63
534 504 10
534 988 5
535 158 11
535 666 80
535 848 24
536 300 93
536 648 16
536 948 51
537 15 73
537 147 53
537 174 85
537 248 51
537 742 1
537 790 40
537 853 35
538 405 57
538 416 99
538 891 78
539 207 75
539 293 9
539 622 64
540 4 99
540 570 15
540 771 95
541 123 64
541 461 44
541 613 10
541 899 36
542 360 43
543 16 53
543 376 99
543 439 52
543 659 57
543 887 9
544 271 32
544 460 81
545 258 1
545 550 47
545 724 31
545 736 74
545 956 99
546 641 16
546 720 24
546 945 100
548 161 55
548 272 58
548 564 57
548 793 53
548 912 35
549 412 32
549 909 62
550 184 99
550 409 30
550 550 77
550 593 94
550 715 93
550 763 21
550 783 3
550 932 29
551 529 63
551 674 56
551 918 27
552 328 14
552 823 12
553 100 35
553 306 45
553 422 92
553 646 36
553 689 92
554 8 23
554 13 9
554 176 91
554 337 38
555 290 33
555 331 90
555 415 92
555 671 90
555 992 47
556 34 45
556 42 25
556 425 78
556 579 7
556 672 24
556 707 7
557 38 83
557 90 18
557 128 99
557 622 4
557 664 20
557 760 27
557 888 66
557 932 76
558 464 54
558 837 79
558 882 87
559 150 89
559 247 24
559 359 79
559 553 24
559 909 16
560 99 2
560 101 33
560 291 6
560 299 39
560 608 65
560 643 96
560 660 31
560 691 54
560 831 42
561 4 76
561 28 79
561 668 19
562 201 82
562 226 2
562 241 26
562 522 65
562 558 19
562 615 25
562 938 68
562 947 39
563 86 52
563 209 34
563 705 14
563 751 5
563 804 12
564 168 1
564 883 93
564 896 36
565 14 80
565 189 17
565 476 51
565 750 81
565 786 49
565 933 57
565 960 20
566 236 14
566 548 53
566 636 51
566 892 68
567 121 94
567 154 26
567 436 46
567 545 13
568 28 8
568 132 48
568 297 39
568 395 73
569 212 67
569 664 63
569 770 41
570 42 5
570 775 14
570 814 74
570 997 19
572 319 85
572 706 20
572 754 11
572 811 21
572 844 99
573 93 27
573 101 72
573 366 80
573 587 76
573 761 28
575 42 100
575 512 89
575 592 80
575 772 50
575 786 56
575 876 74
576 68 75
576 452 2
576 642 87
577 62 82
577 435 49
577 454 25
577 528 55
577 534 15
577 551 87
577 637 95
577 735 20
578 31 100
578 43 68
578 90 38
578 209 18
578 407 53
578 434 57
578 451 28
578 566 74
579 491 56
579 641 54
579 842 45
580 782 35
580 849 30
581 209 72
581 445 34
581 604 18
581 802 52
582 264 74
582 623 26
583 59 58
583 98 75
583 243 12
583 445 40
583 475 24
583 526 37
583 627 94
583 732 38
583 929 23
584 86 88
584 234 57
584 992 23
585 9 56
585 968 94
586 167 40
586 834 9
587 114 51
587 138 68
587 302 82
587 896 6
588 57 22
588 173 26
588 212 41
588 318 51
588 383 98
588 437 74
589 66 69
589 270 50
589 312 57
589 341 42
589 344 75
589 616 14
589 807 17
589 837 87
589 871 54
590 52 40
590 213 23
590 372 47
590 759 77
591 262 45
591 447 35
592 179 34
592 274 68
592 542 91
592 647 28
592 952 8
593 731 99
593 982 78
594 6 75
594 63 80
594 163 83
594 164 96
594 360 5
594 832 23
595 50 46
595 343 2
595 355 97
595 491 15
595 543 51
595 644 54
595 832 57
596 6 26
596 704 68
597 250 73
597 430 12
597 579 21
598 67 13
598 98 34
598 109 67
598 447 90
598 473 79
598 889 2
599 128 23
599 513 46
599 966 92
600 132 50
600 531 53
600 644 90
600 769 28
600 801 27
600 834 69
601 485 10
601 586 23
601 839 74
601 930 33
602 94 69
602 350 76
602 491 30
602 838 83
603 522 27
603 618 83
604 7 52
604 278 50
604 327 11
604 568 63
604 586 70
604 636 24
605 374 97
605 652 37
606 5 13
606 103 75
606 510 38
607 257 36
607 377 21
607 600 30
608 343 85
608 524 73
608 535 19
608 626 13
609 137 100
609 622 88
609 633 22
610 838 22
611 31 61
611 295 55
611 588 90
611 631 37
611 760 84
612 441 72
612 634 63
612 721 67
612 830 11
612 989 14
613 69 16
613 126 22
613 269 77
613 326 86
613 606 45
613 610 74
613 891 22
614 138 57
614 325 48
614 382 60
614 520 92
614 570 68
614 670 89
614 834 77
615 791 41
615 799 8
616 19 89
616 272 40
616 304 95
616 391 11
616 823 62
616 945 56
617 574 66
617 595 52
617 641 92
618 280 50
618 607 23
618 612 55
618 692 16
618 717 34
618 851 69
619 225 32
619 759 55
620 39 46
620 327 17
620 548 99
620 683 19
620 789 39
620 963 56
621 38 67
621 155 98
621 190 48
621 386 35
621 751 87
622 449 25
623 99 75
623 182 94
623 762 13
624 71 15
624 835 89
624 920 24
624 943 77
625 104 45
625 175 90
625 269 28
625 440 37
625 468 39
625 625 51
625 802 91
626 260 55
626 291 84
626 675 60
627 142 86
627 158 38
627 279 5
627 365 3
627 584 37
627 673 24
627 851 41
628 55 92
628 117 90
628 228 38
628 271 40
628 296 24
629 97 25
629 112 64
629 506 99
629 893 18
629 922 77
629 946 14
631 289 7
632 139 100
632 280 90
632 319 51
633 225 89
633 512 17
633 544 88
633 697 28
633 795 67
633 937 79
634 474 82
634 591 50
634 716 38
635 9 67
635 91 88
635 140 42
635 204 70
635 229 24
635 299 65
635 488 10
635 739 16
636 179 55
636 181 48
636 285 55
636 431 79
636 451 72
636 523 18
636 537 77
636 758 90
637 222 94
637 699 91
638 353 96
638 758 94
638 964 80
639 46 47
639 151 83
639 216 97
639 255 34
639 265 10
639 413 64
639 596 12
639 926 91
640 45 14
640 207 50
640 430 58
640 537 1
640 621 92
641 307 27
641 673 25
642 90 56
642 384 36
643 56 40
643 597 11
643 965 83
643 983 94
644 5 89
644 46 55
644 107 12
644 172 66
644 376 44
644 794 6
644 817 56
644 917 39
645 205 99
645 550 35
645 591 86
645 802 81
646 99 31
646 403 20
646 477 90
646 777 95
646 889 32
647 252 81
647 334 8
647 488 81
647 743 38
647 867 8
648 247 72
648 452 64
648 482 32
648 909 28
649 113 100
649 367 71
649 666 38
649 686 83
649 705 65
649 801 26
650 77 37
650 159 77
650 962 91
651 45 80
651 130 82
651 283 47
651 402 19
651 576 80
652 256 81
652 312 5
652 326 61
652 329 12
652 701 24
652 915 51
653 322 6
653 759 55
653 891 31
654 14 13
654 856 35
654 917 68
655 194 21
655 412 7
655 877 32
655 966 53
656 445 34
656 646 31
656 770 24
656 857 72
656 946 13
656 994 88
657 35 98
657 485 50
657 760 65
658 35 89
658 137 29
658 651 46
659 4 35
659 46 48
659 884 26
660 213 15
660 375 52
661 606 86
661 648 27
661 863 75
661 963 37
662 41 33
662 342 30
662 378 67
662 405 46
662 639 64
662 693 35
662 863 66
663 393 70
663 518 66
664 165 19
664 219 4
664 495 97
664 861 42
664 921 75
665 13 10
665 287 30
665 463 72
665 496 59
665 678 94
665 963 60
666 142 88
666 205 39
666 400 94
666 878 35
667 82 65
667 486 9
667 527 86
667 674 51
667 933 35
667 935 61
668 281 87
668 615 68
668 658 90
668 733 53
668 998 13
669 201 54
669 341 87
669 566 79
669 826 24
670 28 53
670 301 97
670 575 27
671 307 49
671 501 38
671 507 1
671 526 58
671 614 68
671 887 73
671 974 16
672 118 61
672 322 32
672 415 3
672 444 100
672 628 26
672 636 38
672 939 64
673 383 34
673 571 23
673 659 14
673 775 69
674 18 84
674 481 100
674 514 36
674 851 73
674 869 53
675 118 49
675 284 27
675 332 39
675 337 27
675 580 50
675 595 91
676 64 24
676 563 77
676 844 40
677 214 62
677 313 77
677 385 98
677 538 29
678 143 50
678 154 13
678 644 89
678 704 82
679 229 16
679 581 88
679 747 7
680 93 54
680 726 51
680 927 41
682 195 77
682 382 65
682 593 9
682 785 60
683 50 64
683 81 45
683 122 33
683 382 17
683 400 94
683 605 59
683 787 55
683 849 20
683 906 9
683 909 46
683 982 44
684 80 85
684 123 86
684 187 5
684 400 62
684 808 83
684 930 33
685 92 11
685 261 96
685 983 21
686 98 92
686 164 12
686 217 9
686 607 99
686 900 65
687 962 60
688 266 39
688 348 41
688 404 24
688 493 48
689 267 100
689 556 88
690 103 93
690 767 33
690 909 4
691 144 86
691 271 92
691 441 59
691 719 6
691 919 100
692 345 5
692 370 49
692 443 84
693 81 90
694 255 53
695 6 45
695 874 73
695 902 86
696 310 56
697 133 68
697 389 7
697 413 48
697 680 79
697 888 15
698 144 46
698 326 44
698 503 75
698 562 85
698 570 84
698 623 99
699 315 33
699 517 84
699 566 87
699 692 25
700 216 16
700 448 91
701 140 11
701 539 7
702 40 49
702 54 16
702 176 6
702 219 54
702 331 64
702 424 90
702 945 44
703 489 17
704 53 35
704 231 16
705 226 3
705 374 90
705 705 84
705 851 9
705 918 38
706 224 63
706 514 24
706 519 83
706 848 6
707 11 98
707 631 68
708 834 89
708 863 96
708 881 100
709 640 73
710 121 82
710 610 25
710 684 88
710 961 72
711 181 35
711 630 95
711 940 21
712 183 50
712 586 1
713 77 75
713 224 14
713 275 90
713 634 18
713 770 31
713 798 24
713 942 34
714 157 33
714 331 14
714 408 17
714 861 41
714 966 51
714 981 79
715 69 64
715 546 34
715 572 85
715 659 62
715 826 1
715 933 74
715 993 57
716 103 1
716 132 46
716 151 39
716 274 25
716 398 33
716 459 11
717 318 59
717 377 28
717 450 32
717 561 9
717 923 28
718 112 6
718 308 22
718 379 17
719 687 23
719 979 53
719 986 41
720 84 57
720 349 85
720 725 55
720 828 73
722 402 26
722 463 5
722 535 52
723 194 90
723 247 39
723 341 36
723 467 51
723 846 40
723 917 9
723 955 7
723 967 40
724 770 54
725 23 46
725 58 64
725 636 87
725 745 56
725 966 23
726 138 14
726 187 87
726 307 32
726 466 42
726 614 93
727 45 54
727 268 59
727 341 16
727 710 6
727 993 99
728 119 72
728 224 91
728 637 53
729 327 45
729 651 16
729 826 58
730 187 96
730 360 5
730 561 96
730 743 32
730 903 55
731 36 35
731 962 40
732 107 62
732 279 75
732 368 94
732 437 7
732 622 39
732 671 81
732 979 63
733 279 62
733 845 94
734 28 50
734 317 93
734 518 36
734 525 42
734 765 46
734 779 94
735 482 51
735 696 92
735 772 29
736 109 41
736 461 45
736 988 73
737 121 57
737 313 3
737 693 69
737 931 62
737 996 99
738 346 100
738 475 16
738 830 34
739 201 40
739 392 78
739 445 9
740 28 33
740 74 85
740 331 47
740 393 13
740 504 47
740 915 8
741 317 7
741 426 97
741 623 100
741 714 42
741 726 38
741 825 46
741 845 36
742 259 96
742 525 96
742 921 27
743 11 37
743 96 72
743 249 97
743 266 94
743 530 75
744 219 66
744 248 55
744 529 74
744 592 65
744 759 71
744 969 7
745 223 4
745 276 48
745 461 15
745 482 37
746 304 32
746 348 62
746 627 50
746 933 78
747 35 69
747 138 56
747 168 75
747 575 69
748 303 98
748 367 12
748 404 14
748 473 33
748 479 8
748 685 10
748 873 60
749 51 31
749 155 46
749 266 32
749 668 28
749 789 40
749 819 7
749 861 93
750 313 94
750 400 80
750 485 58
750 538 64
751 296 86
751 375 62
751 543 11
751 974 1
752 531 98
753 172 43
753 341 62
753 761 47
754 438 21
754 587 31
754 598 3
754 752 95
754 927 99
755 136 1
755 692 7
756 51 13
756 383 33
756 496 14
756 808 22
757 423 93
757 529 45
757 675 68
757 907 25
758 608 72
759 27 7
759 95 31
759 695 65
760 105 100
760 962 10
761 181 22
761 325 63
761 579 96
761 689 83
762 165 74
762 559 97
762 773 81
763 536 16
763 698 58
763 925 27
764 92 36
764 111 89
764 130 30
764 316 31
764 349 88
765 195 30
765 491 37
765 768 100
765 802 63
765 848 50
766 179 21
766 229 56
766 267 94
766 356 88
766 991 80
767 121 65
767 470 94
767 533 10
767 905 30
768 15 94
768 172 20
768 312 51
768 988 57
768 996 15
769 100 34
769 462 30
769 638 11
769 842 14
769 870 46
769 919 69
770 450 41
770 517 82
770 871 58
771 51 70
771 351 12
771 759 45
771 771 100
771 968 48
771 976 44
772 27 63
772 203 98
772 282 65
773 168 18
773 695 91
773 750 53
773 791 98
774 151 56
774 287 46
774 408 7
774 444 85
774 793 40
774 924 26
775 29 36
775 47 96
775 314 41
775 510 69
775 773 25
775 832 51
776 5 83
776 98 71
776 128 20
776 404 23
776 431 53
776 467 77
776 636 93
777 621 64
777 935 21
778 458 93
778 543 12
779 23 65
779 139 55
779 162 9
779 347 29
779 465 73
779 765 100
779 852 82
780 577 70
780 788 56
780 795 28
781 57 76
781 506 40
781 663 67
781 718 2
782 245 76
782 731 62
782 773 43
782 797 45
782 936 87
783 0 93
783 87 27
783 137 57
783 149 13
783 344 50
783 645 9
783 858 89
784 675 43
784 683 73
785 185 10
785 209 35
785 306 85
785 541 74
785 656 89
785 680 94
785 971 3
786 516 61
786 563 93
786 899 84
786 991 31
787 166 48
787 175 12
787 281 6
787 608 88
788 373 78
788 643 8
789 103 63
789 329 39
790 288 50
790 404 7
790 407 26
791 310 43
791 860 34
792 53 82
792 547 55
792 689 83
792 840 91
793 489 44
794 499 25
794 864 64
795 702 53
796 9 60
796 729 48
796 731 27
796 899 49
797 93 41
797 285 30
797 347 10
797 369 34
797 388 14
797 571 40
797 945 81
798 221 25
798 303 46
798 381 69
798 519 3
799 366 53
799 381 31
799 389 41
799 410 3
799 661 38
800 166 66
800 290 45
800 396 72
800 519 48
800 676 100
801 293 54
801 578 39
801 988 44
802 152 79
802 212 2
802 339 97
802 671 39
803 233 50
803 512 24
803 532 87
803 576 91
803 830 54
804 453 96
804 748 24
804 768 67
805 149 35
805 171 5
805 286 92
806 173 80
806 386 73
806 851 94
806 918 33
807 94 4
807 350 35
808 37 35
808 94 41
808 130 1
808 188 80
808 189 12
808 210 48
808 961 80
809 62 66
809 547 87
810 260 24
810 346 45
810 604 89
810 974 20
811 69 84
811 105 38
811 298 43
811 568 70
811 771 28
811 836 96
811 839 66
812 463 52
812 752 63
813 383 100
813 414 56
813 583 55
813 593 80
813 742 28
813 839 49
813 894 13
813 915 31
813 982 83
814 514 48
814 655 72
814 925 83
814 990 28
815 177 84
815 280 31
815 435 7
815 911 50
816 80 18
816 367 30
816 392 94
816 697 6
817 128 50
818 256 77
818 472 44
818 586 93
818 637 47
818 741 72
819 260 89
819 506 12
819 967 23
820 230 51
820 559 12
820 891 78
821 147 6
821 479 92
821 568 6
821 576 54
822 369 4
822 523 36
822 894 36
822 911 51
822 972 8
823 147 19
823 407 78
824 967 91
824 968 50
825 73 85
825 289 40
825 323 67
825 765 15
825 943 34
826 41 72
826 330 65
827 67 11
827 86 16
827 227 57
827 674 57
828 10 87
828 329 45
828 377 69
828 391 10
828 393 96
828 606 81
828 915 88
828 916 1
828 992 72
829 321 93
829 436 54
829 744 75
829 760 29
830 258 90
830 525 26
830 548 36
830 758 8
831 50 4
831 514 27
831 649 57
831 811 89
832 232 66
832 750 23
832 924 3
833 238 100
833 273 95
833 519 67
834 3 10
834 272 11
834 437 24
834 446 67
834 995 97
835 681 68
835 693 36
835 717 7
835 817 63
836 39 16
836 71 94
836 104 64
836 153 87
836 249 86
836 485 17
836 669 62
836 875 14
837 181 6
837 723 88
838 247 50
838 330 14
838 941 91
839 66 76
839 391 70
839 393 79
839 801 42
840 765 93
840 814 82
840 994 41
841 352 88
841 518 49
841 563 51
841 914 98
841 988 72
842 665 17
843 138 95
843 430 40
843 734 52
844 459 2
844 592 2
844 624 68
844 665 95
845 263 66
845 401 54
845 646 80
845 795 82
846 263 16
846 510 94
846 640 88
846 923 3
846 936 44
846 958 1
847 143 94
847 337 20
847 573 71
847 782 72
848 115 61
848 565 64
848 830 54
849 473 2
849 893 51
849 941 3
850 239 53
850 283 49
850 483 74
850 682 70
850 978 44
851 29 13
851 599 22
851 977 45
852 112 15
852 163 89
852 353 40
852 388 80
852 786 42
853 0 20
853 84 62
853 389 57
853 619 13
853 778 49
853 935 60
854 185 57
854 300 50
854 572 53
854 633 76
854 760 20
855 98 25
855 533 37
855 639 83
855 908 78
855 986 39
856 32 34
856 54 80
856 450 91
856 813 83
856 864 54
857 132 60
857 231 26
857 297 66
857 315 81
857 819 71
858 169 81
858 258 70
858 290 10
858 448 61
858 847 11
858 858 29
858 913 22
859 238 68
859 800 42
859 803 71
860 202 27
860 949 99
861 360 20
861 369 80
862 48 74
862 319 40
862 720 4
862 788 11
863 234 22
863 298 81
863 491 49
863 532 56
863 535 61
863 940 39
863 996 38
864 22 14
864 83 99
864 92 64
864 108 80
864 622 79
864 720 34
865 556 61
865 896 48
866 23 44
866 140 21
866 165 59
866 333 73
866 431 43
866 826 27
866 893 15
866 939 13
867 124 54
867 303 13
867 480 33
867 511 33
867 546 87
867 717 72
868 226 37
869 71 97
869 479 94
870 160 17
870 696 45
870 768 49
871 284 78
871 560 83
872 54 86
872 231 92
872 253 81
872 604 49
872 654 72
872 663 60
872 756 83
872 830 32
873 517 8
873 588 27
874 513 53
874 549 67
874 626 100
874 847 96
875 143 94
875 461 14
875 580 8
875 745 48
876 52 27
876 322 41
876 517 80
876 598 13
876 607 12
877 185 16
877 686 9
877 743 5
877 791 33
878 293 53
878 619 53
878 985 11
879 171 36
879 394 39
879 507 2
879 908 17
880 92 87
880 298 74
880 348 77
880 429 70
880 673 6
880 892 85
881 365 97
881 460 58
881 984 51
882 173 96
882 600 54
882 624 45
883 697 10
883 793 62
883 966 92
884 133 36
884 185 2
884 929 72
885 211 48
885 273 13
885 280 88
885 734 57
886 51 18
886 201 20
886 441 9
886 932 71
887 75 31
887 101 45
887 906 9
888 11 33
888 124 61
888 263 96
888 610 6
888 645 37
888 851 65
888 944 11
889 311 21
889 347 62
889 768 69
889 781 72
890 166 57
890 566 22
890 831 17
891 323 66
891 710 83
891 727 8
893 216 2
893 384 85
893 725 79
893 788 50
894 49 97
894 78 66
894 643 6
894 990 15
895 425 86
895 569 14
895 668 85
895 684 16
895 743 59
895 751 93
896 135 49
896 779 19
896 843 88
896 851 54
896 898 56
896 977 53
897 259 65
897 296 76
897 488 14
897 803 34
898 706 48
898 746 71
898 766 55
899 293 64
899 874 37
899 892 38
900 292 72
900 406 38
900 431 22
900 646 50
901 571 87
901 725 19
901 849 16
902 159 93
902 301 33
902 619 1
902 982 7
903 87 17
903 144 17
903 190 65
903 242 10
903 256 66
903 311 83
903 776 98
904 68 20
904 174 38
904 514 50
904 898 84
904 920 14
905 113 64
905 204 17
905 278 62
905 842 35
906 635 72
906 905 25
906 965 71
907 80 10
907 251 96
907 570 8
907 621 31
908 244 46
908 316 95
908 338 50
908 359 61
908 495 87
908 582 82
908 736 62
908 872 93
908 885 99
908 935 79
909 799 57
909 866 9
910 196 45
912 818 40
913 114 6
913 234 64
913 281 78
913 695 56
914 99 47
914 695 91
915 102 20
915 115 64
915 549 52
915 852 54
916 116 35
916 432 77
916 433 24
916 626 45
916 819 73
917 745 32
918 136 76
918 284 18
918 450 27
918 698 25
918 900 79
919 239 14
919 683 7
920 162 41
920 220 7
920 858 6
920 990 20
921 415 64
921 495 14
921 498 64
922 42 3
922 168 20
922 349 27
922 415 81
922 535 76
922 812 74
922 927 71
923 426 95
923 466 37
923 998 23
924 647 49
924 722 72
924 897 100
924 956 73
924 990 16
925 86 72
925 191 4
925 580 91
925 836 90
925 843 31
925 909 15
926 6 69
926 108 45
926 221 22
926 305 9
926 450 51
926 845 27
927 88 29
927 458 14
927 681 41
928 349 92
928 978 17
929 91 60
929 266 19
929 696 97
929 719 35
929 840 92
929 984 68
930 147 30
930 180 28
930 226 91
930 337 78
930 346 99
930 617 90
930 648 50
930 871 15
930 899 61
931 165 54
931 181 6
931 609 51
931 980 84
932 88 20
932 597 19
932 716 29
933 996 42
934 323 28
934 425 79
934 619 68
935 286 56
935 812 93
936 228 8
936 276 48
936 558 10
937 353 68
937 374 66
937 762 7
938 125 2
938 172 57
938 254 74
938 288 31
938 787 84
938 798 65
939 142 9
939 823 83
939 824 54
940 23 58
940 266 98
940 430 15
940 595 12
940 648 3
940 879 65
941 169 96
941 299 23
941 445 84
941 485 24
941 924 64
942 196 11
942 342 2
942 410 31
942 481 66
942 489 95
942 521 39
942 698 13
942 771 4
942 915 6
942 955 78
943 449 10
944 133 7
944 176 35
944 313 84
944 626 38
945 12 18
945 32 48
945 100 47
945 121 1
945 378 1
945 643 4
945 861 98
945 925 15
945 994 15
946 279 100
946 647 80
947 36 10
947 986 22
948 320 63
948 401 33
948 465 85
948 630 73
949 322 35
949 471 16
949 547 39
949 810 29
949 919 54
949 969 52
950 149 33
950 422 59
950 444 30
950 703 42
951 73 66
951 132 64
951 252 26
951 392 4
951 513 82
951 758 73
951 915 50
951 947 83
952 164 74
953 332 54
953 551 80
953 566 89
955 253 69
955 587 80
955 592 69
955 735 79
956 623 31
956 793 12
957 87 86
957 226 4
957 252 46
957 516 2
957 735 43
957 917 75
957 971 55
958 683 95
958 774 7
958 778 14
959 118 25
959 229 49
959 738 80
960 125 88
960 202 74
960 239 83
960 473 70
960 593 47
960 949 33
961 143 52
961 393 21
961 448 86
961 547 32
961 610 9
962 61 54
962 263 11
962 311 77
962 668 32
963 498 12
963 586 8
963 813 43
963 823 98
964 200 12
964 739 89
965 289 99
965 671 54
966 278 63
966 712 53
968 283 49
968 295 70
968 484 67
968 698 73
968 907 18
969 736 46
969 882 61
970 40 92
970 549 29
970 652 30
971 476 38
971 481 61
971 608 82
971 614 58
971 976 46
972 303 13
972 518 67
972 825 100
973 42 24
973 194 44
973 398 31
973 578 36
973 851 51
974 93 33
974 122 62
974 152 63
974 192 31
974 388 16
975 154 25
975 415 84
975 431 64
975 454 95
975 489 50
976 896 36
977 115 12
977 339 96
977 511 96
977 606 4
977 805 24
978 500 26
978 742 41
978 786 84
978 817 8
978 936 99
979 206 29
979 571 21
979 828 66
980 57 28
980 844 44
980 885 9
981 59 59
981 687 79
981 903 59
982 349 33
982 824 12
983 295 95
983 337 42
983 500 37
983 516 19
983 536 26
983 934 100
984 31 14
984 707 75
985 492 36
985 706 26
985 830 70
985 990 32
986 502 29
986 577 94
986 581 58
987 24 70
987 173 77
987 280 65
987 306 68
987 513 5
987 622 85
987 735 33
987 738 33
987 854 29
988 340 42
988 527 92
988 532 8
988 582 100
989 359 24
989 367 19
989 511 21
989 733 18
990 485 61
991 139 57
991 281 36
992 31 86
992 35 57
992 186 50
992 199 61
992 341 93
992 471 75
992 472 31
992 619 24
992 725 3
993 67 24
993 176 82
993 220 72
993 244 100
993 591 46
994 53 40
994 112 5
994 422 31
994 628 73
994 735 38
994 839 60
994 902 14
994 921 29
995 225 67
995 335 14
995 653 52
996 53 86
996 484 34
996 747 69
996 794 47
997 173 91
997 217 5
997 302 33
997 349 48
998 127 54
998 203 94
998 341 40
998 755 28
998 759 25
998 982 64
